237 158
236 159
230 159
229 160
225 160
224 161
223 161
222 162
220 162
219 163
217 163
215 165
215 166
216 167
216 168
220 172
221 172
222 173
223 173
224 174
224 175
226 175
227 176
231 176
232 177
233 177
234 178
235 178
236 179
239 179
240 178
243 178
244 177
246 177
247 176
248 176
249 175
252 175
253 174
254 174
257 171
259 171
260 170
260 167
261 166
261 164
260 164
259 163
258 163
257 162
254 162
253 161
252 161
251 160
249 160
248 159
243 159
242 160
241 160
239 158
